

--- Ridge Stochastic Linear Regression ---
   h              : 0.7509999999999999
   lambda         : 0.891638795986622
   initial weights: [ 1.24177325e-04 -8.24402308e-04  2.75785990e-04  1.25659713e-04
  1.46156095e-04 -1.56470036e-04  5.16795866e-04 -3.67107195e-04
  1.06723586e-03 -1.33173525e-04 -3.03030303e-04  3.39328130e-04
 -1.61838485e-04  3.47705146e-04 -2.07598090e-04 -1.05820106e-03
 -1.41242938e-03 -1.25391850e-04 -1.22339124e-04 -8.29187396e-04
  2.77469478e-04 -1.65535507e-04 -2.30308614e-04  1.50829563e-03
 -2.33263354e-04  3.27868852e-04  2.08073242e-04 -1.53233221e-04
 -2.23813787e-04  1.34952767e-04  1.44634076e-04 -1.50806816e-04
  4.70366886e-04  1.52485514e-04 -1.80766450e-04  1.25612360e-04
 -1.56494523e-04  1.23548307e-04 -1.56494523e-03 -3.01841232e-04
  3.26797386e-04 -1.81917409e-04  1.77619893e-03 -1.90512479e-04
  6.05326877e-04 -2.76778301e-04 -4.01123145e-04  2.45700246e-03
 -1.65672631e-04  1.79856115e-04  2.43961942e-04  6.94444444e-03
 -1.41783638e-04  6.28140704e-04  1.41803744e-04 -4.39560440e-04
 -5.46448087e-03  1.69462803e-04 -1.35080373e-04 -1.79147259e-04
  6.34920635e-04  8.96860987e-04  2.25225225e-04 -1.27991809e-04
 -1.45074713e-04 -1.26502214e-04  4.14593698e-04  1.29449838e-04
  1.83924959e-04 -2.41721054e-04 -1.45793847e-04 -3.72300819e-04
  1.44759699e-04 -1.19617225e-03  7.57002271e-04 -2.00000000e-01
 -1.52439024e-04  3.25309044e-04  4.74158369e-04  2.59403372e-04
  1.64771791e-04 -1.55763240e-03  2.42013553e-04  2.07382829e-04
  2.64270613e-04 -2.27790433e-03 -1.62522347e-04 -5.51267916e-04
  2.23363860e-04 -1.32205182e-04 -2.92397661e-04  1.30787340e-04
  3.57909807e-04  1.26566257e-04 -2.63157895e-03 -1.57927985e-04
 -1.36091453e-04  1.22684333e-04  1.77304965e-03 -1.87160771e-04
 -5.93471810e-04  6.09013398e-04 -2.35626767e-04  3.93700787e-03
  2.36854571e-04 -1.95694716e-04  2.72776869e-04  2.78164117e-04
  2.85469597e-04 -2.13629566e-04 -1.51125888e-04  2.67809320e-04
  2.23015165e-04 -4.19287212e-04 -2.65674814e-04  1.29015611e-04
 -7.99360512e-04  1.52671756e-03 -5.94883998e-04 -2.34082397e-04
  2.85714286e-04  1.62206002e-04  1.36462882e-04  4.34782609e-03
  2.98596596e-04  5.11247444e-04  6.89655172e-04  4.04530744e-04
 -3.54107649e-04]

File name  : data/0.40_0.65.txt
SMAPE score: 0.530809425240803

===================================================